1   2   2.196   0   0   0
2   2   2.196   3.776   0   0
3   2   2.196   0   3.776   0
4   2   2.196   3.776   3.776   0
5   1   -1.098  0   1.888   0.398412
6   1   -1.098  3.776   1.888   0.398412
7   1   -1.098  0   0   1.973088
8   1   -1.098  3.776   0   1.973088
9   1   -1.098  0   3.776   1.973088
10  1   -1.098  3.776   3.776   1.973088
11  2   2.196   0   1.888   2.3715
12  2   2.196   3.776   1.888   2.3715
13  1   -1.098  1.888   1.888   2.769912
14  1   -1.098  0   1.888   4.344588
15  1   -1.098  3.776   1.888   4.344588
16  2   2.196   1.888   1.888   4.743
17  1   -1.098  1.888   0   5.141412
18  1   -1.098  1.888   3.766   5.141412
19  1   -1.098  1.888   1.888   6.716088
20  2   2.196   1.888   0   7.1145
21  2   2.196   1.888   3.776   7.1145
22  1   -1.098  0   0   7.512912
23  1   -1.098  3.776   0   7.512912
24  1   -1.098  0   3.776   7.512912
25  1   -1.098  3.776   3.776   7.512912
26  1   -1.098  1.888   0   9.087588
27  1   -1.098  1.888   3.776   9.087588
28  2   2.196   0   0   9.486
29  2   2.196   3.776   0   9.486
30  2   2.196   0   3.776   9.486
31  2   2.196   3.776   3.776   9.486